
 NPM(K)    PM(M)      WS(M)     CPU(s)      Id  SI ProcessName
 ------    -----      -----     ------      --  -- -----------
    104   188,94     297,69     424,38   22740  25 browser
     52   437,06     103,78     331,03   15512  25 Telegram
     38   169,16     227,27     302,59   13816  25 browser
     62    58,07      97,80     290,06    2724  25 ONENOTE
     49   224,75     142,01     236,94    7704  25 browser
    139   144,52     163,93     227,11   22364  25 explorer
     66   260,19     271,86     126,22   13868  25 browser
     18    37,58      21,84     107,30    9828  25 browser
     18    86,78      41,50      98,28   16332   0 audiodg
     42    23,48      50,86      52,42   17532  25 browser

